INF-1029 - Trabalho 4
Diego Miranda - 2210996
Felipe Cancella - 2210487

///////////////////////////////////

Resultados do T3:

1024x1024:
scalar_matrix_mult: 166.985001 ms
matrix_matrix_mult: 598.455017 ms
Overall time: 984.530029 ms

2048x2048:
scalar_matrix_mult: 158.205994 ms
matrix_matrix_mult: 4573.377930 ms
Overall time: 5234.066895 ms

///////////////////////////////////

T4 - Toolkit Cuda:

1024x1024 - Alloc Parcial:

./matrix_lib_test 5.0 1024 1024 1024 1024 256 4096 10 floats_256_2.0f.dat floats_256_5.0f.dat result1.dat result2.dat
Tentando alocação PARTIAL_ALLOC (4 MiB)...
Alocação GPU: PARTIAL_ALLOC bem-sucedida.

--- Estado Inicial ---
---------- Matriz A (Original) - Primeiros 256 elementos ----------
1.00 2.00 3.00 4.00 5.00 6.00 7.00 8.00 9.00 10.00 11.00 12.00 13.00 14.00 15.00 16.00 17.00 18.00 19.00 20.00 21.00 22.00 23.00 24.00 25.00 26.00 27.00 28.00 29.00 30.00 31.00 32.00 33.00 34.00 35.00 36.00 37.00 38.00 39.00 40.00 41.00 42.00 43.00 44.00 45.00 46.00 47.00 48.00 49.00 50.00 51.00 52.00 53.00 54.00 55.00 56.00 57.00 58.00 59.00 60.00 61.00 62.00 63.00 64.00 65.00 66.00 67.00 68.00 69.00 70.00 71.00 72.00 73.00 74.00 75.00 76.00 77.00 78.00 79.00 80.00 81.00 82.00 83.00 84.00 85.00 86.00 87.00 88.00 89.00 90.00 91.00 92.00 93.00 94.00 95.00 96.00 97.00 98.00 99.00 100.00 101.00 102.00 103.00 104.00 105.00 106.00 107.00 108.00 109.00 110.00 111.00 112.00 113.00 114.00 115.00 116.00 117.00 118.00 119.00 120.00 121.00 122.00 123.00 124.00 125.00 126.00 127.00 128.00 129.00 130.00 131.00 132.00 133.00 134.00 135.00 136.00 137.00 138.00 139.00 140.00 141.00 142.00 143.00 144.00 145.00 146.00 147.00 148.00 149.00 150.00 151.00 152.00 153.00 154.00 155.00 156.00 157.00 158.00 159.00 160.00 161.00 162.00 163.00 164.00 165.00 166.00 167.00 168.00 169.00 170.00 171.00 172.00 173.00 174.00 175.00 176.00 177.00 178.00 179.00 180.00 181.00 182.00 183.00 184.00 185.00 186.00 187.00 188.00 189.00 190.00 191.00 192.00 193.00 194.00 195.00 196.00 197.00 198.00 199.00 200.00 201.00 202.00 203.00 204.00 205.00 206.00 207.00 208.00 209.00 210.00 211.00 212.00 213.00 214.00 215.00 216.00 217.00 218.00 219.00 220.00 221.00 222.00 223.00 224.00 225.00 226.00 227.00 228.00 229.00 230.00 231.00 232.00 233.00 234.00 235.00 236.00 237.00 238.00 239.00 240.00 241.00 242.00 243.00 244.00 245.00 246.00 247.00 248.00 249.00 250.00 251.00 252.00 253.00 254.00 255.00 256.00 
------------------------------------------------------------
---------- Matriz B (Original) - Primeiros 256 elementos ----------
1.00 2.00 3.00 4.00 5.00 6.00 7.00 8.00 9.00 10.00 11.00 12.00 13.00 14.00 15.00 16.00 17.00 18.00 19.00 20.00 21.00 22.00 23.00 24.00 25.00 26.00 27.00 28.00 29.00 30.00 31.00 32.00 33.00 34.00 35.00 36.00 37.00 38.00 39.00 40.00 41.00 42.00 43.00 44.00 45.00 46.00 47.00 48.00 49.00 50.00 51.00 52.00 53.00 54.00 55.00 56.00 57.00 58.00 59.00 60.00 61.00 62.00 63.00 64.00 65.00 66.00 67.00 68.00 69.00 70.00 71.00 72.00 73.00 74.00 75.00 76.00 77.00 78.00 79.00 80.00 81.00 82.00 83.00 84.00 85.00 86.00 87.00 88.00 89.00 90.00 91.00 92.00 93.00 94.00 95.00 96.00 97.00 98.00 99.00 100.00 101.00 102.00 103.00 104.00 105.00 106.00 107.00 108.00 109.00 110.00 111.00 112.00 113.00 114.00 115.00 116.00 117.00 118.00 119.00 120.00 121.00 122.00 123.00 124.00 125.00 126.00 127.00 128.00 129.00 130.00 131.00 132.00 133.00 134.00 135.00 136.00 137.00 138.00 139.00 140.00 141.00 142.00 143.00 144.00 145.00 146.00 147.00 148.00 149.00 150.00 151.00 152.00 153.00 154.00 155.00 156.00 157.00 158.00 159.00 160.00 161.00 162.00 163.00 164.00 165.00 166.00 167.00 168.00 169.00 170.00 171.00 172.00 173.00 174.00 175.00 176.00 177.00 178.00 179.00 180.00 181.00 182.00 183.00 184.00 185.00 186.00 187.00 188.00 189.00 190.00 191.00 192.00 193.00 194.00 195.00 196.00 197.00 198.00 199.00 200.00 201.00 202.00 203.00 204.00 205.00 206.00 207.00 208.00 209.00 210.00 211.00 212.00 213.00 214.00 215.00 216.00 217.00 218.00 219.00 220.00 221.00 222.00 223.00 224.00 225.00 226.00 227.00 228.00 229.00 230.00 231.00 232.00 233.00 234.00 235.00 236.00 237.00 238.00 239.00 240.00 241.00 242.00 243.00 244.00 245.00 246.00 247.00 248.00 249.00 250.00 251.00 252.00 253.00 254.00 255.00 256.00 
------------------------------------------------------------
---------- Matriz C (Original) - Primeiros 256 elementos ----------
0.00 0.00 0.00 0.00 0.00 0.00 0.00 0.00 0.00 0.00 0.00 0.00 0.00 0.00 0.00 0.00 0.00 0.00 0.00 0.00 0.00 0.00 0.00 0.00 0.00 0.00 0.00 0.00 0.00 0.00 0.00 0.00 0.00 0.00 0.00 0.00 0.00 0.00 0.00 0.00 0.00 0.00 0.00 0.00 0.00 0.00 0.00 0.00 0.00 0.00 0.00 0.00 0.00 0.00 0.00 0.00 0.00 0.00 0.00 0.00 0.00 0.00 0.00 0.00 0.00 0.00 0.00 0.00 0.00 0.00 0.00 0.00 0.00 0.00 0.00 0.00 0.00 0.00 0.00 0.00 0.00 0.00 0.00 0.00 0.00 0.00 0.00 0.00 0.00 0.00 0.00 0.00 0.00 0.00 0.00 0.00 0.00 0.00 0.00 0.00 0.00 0.00 0.00 0.00 0.00 0.00 0.00 0.00 0.00 0.00 0.00 0.00 0.00 0.00 0.00 0.00 0.00 0.00 0.00 0.00 0.00 0.00 0.00 0.00 0.00 0.00 0.00 0.00 0.00 0.00 0.00 0.00 0.00 0.00 0.00 0.00 0.00 0.00 0.00 0.00 0.00 0.00 0.00 0.00 0.00 0.00 0.00 0.00 0.00 0.00 0.00 0.00 0.00 0.00 0.00 0.00 0.00 0.00 0.00 0.00 0.00 0.00 0.00 0.00 0.00 0.00 0.00 0.00 0.00 0.00 0.00 0.00 0.00 0.00 0.00 0.00 0.00 0.00 0.00 0.00 0.00 0.00 0.00 0.00 0.00 0.00 0.00 0.00 0.00 0.00 0.00 0.00 0.00 0.00 0.00 0.00 0.00 0.00 0.00 0.00 0.00 0.00 0.00 0.00 0.00 0.00 0.00 0.00 0.00 0.00 0.00 0.00 0.00 0.00 0.00 0.00 0.00 0.00 0.00 0.00 0.00 0.00 0.00 0.00 0.00 0.00 0.00 0.00 0.00 0.00 0.00 0.00 0.00 0.00 0.00 0.00 0.00 0.00 0.00 0.00 0.00 0.00 0.00 0.00 0.00 0.00 0.00 0.00 0.00 0.00 0.00 0.00 0.00 0.00 0.00 0.00 
------------------------------------------------------------

--- Resultados Finais ---
---------- Matriz A (Resultado Escalar) - Primeiros 256 elementos ----------
5.00 10.00 15.00 20.00 25.00 30.00 35.00 40.00 45.00 50.00 55.00 60.00 65.00 70.00 75.00 80.00 85.00 90.00 95.00 100.00 105.00 110.00 115.00 120.00 125.00 130.00 135.00 140.00 145.00 150.00 155.00 160.00 165.00 170.00 175.00 180.00 185.00 190.00 195.00 200.00 205.00 210.00 215.00 220.00 225.00 230.00 235.00 240.00 245.00 250.00 255.00 260.00 265.00 270.00 275.00 280.00 285.00 290.00 295.00 300.00 305.00 310.00 315.00 320.00 325.00 330.00 335.00 340.00 345.00 350.00 355.00 360.00 365.00 370.00 375.00 380.00 385.00 390.00 395.00 400.00 405.00 410.00 415.00 420.00 425.00 430.00 435.00 440.00 445.00 450.00 455.00 460.00 465.00 470.00 475.00 480.00 485.00 490.00 495.00 500.00 505.00 510.00 515.00 520.00 525.00 530.00 535.00 540.00 545.00 550.00 555.00 560.00 565.00 570.00 575.00 580.00 585.00 590.00 595.00 600.00 605.00 610.00 615.00 620.00 625.00 630.00 635.00 640.00 645.00 650.00 655.00 660.00 665.00 670.00 675.00 680.00 685.00 690.00 695.00 700.00 705.00 710.00 715.00 720.00 725.00 730.00 735.00 740.00 745.00 750.00 755.00 760.00 765.00 770.00 775.00 780.00 785.00 790.00 795.00 800.00 805.00 810.00 815.00 820.00 825.00 830.00 835.00 840.00 845.00 850.00 855.00 860.00 865.00 870.00 875.00 880.00 885.00 890.00 895.00 900.00 905.00 910.00 915.00 920.00 925.00 930.00 935.00 940.00 945.00 950.00 955.00 960.00 965.00 970.00 975.00 980.00 985.00 990.00 995.00 1000.00 1005.00 1010.00 1015.00 1020.00 1025.00 1030.00 1035.00 1040.00 1045.00 1050.00 1055.00 1060.00 1065.00 1070.00 1075.00 1080.00 1085.00 1090.00 1095.00 1100.00 1105.00 1110.00 1115.00 1120.00 1125.00 1130.00 1135.00 1140.00 1145.00 1150.00 1155.00 1160.00 1165.00 1170.00 1175.00 1180.00 1185.00 1190.00 1195.00 1200.00 1205.00 1210.00 1215.00 1220.00 1225.00 1230.00 1235.00 1240.00 1245.00 1250.00 1255.00 1260.00 1265.00 1270.00 1275.00 1280.00 
------------------------------------------------------------
---------- Matriz C (Resultado Multiplicação) - Primeiros 256 elementos ----------
1832519991296.00 1832522481664.00 1832525496320.00 1832527986688.00 1832530870272.00 1832533622784.00 1832536113152.00 1832538865664.00 1832541356032.00 1832544108544.00 1832546729984.00 1832549220352.00 1832552103936.00 1832554463232.00 1832557346816.00 1832559575040.00 1832562196480.00 1832565211136.00 1832567308288.00 1832569929728.00 1832572551168.00 1832574779392.00 1832578449408.00 1832580546560.00 1832583168000.00 1832586182656.00 1832588541952.00 1832590901248.00 1832593522688.00 1832596144128.00 1832598765568.00 1832600993792.00 1832604270592.00 1832607154176.00 1832609644544.00 1832611741696.00 1832615018496.00 1832617115648.00 1832620130304.00 1832622489600.00 1832625373184.00 1832628256768.00 1832630616064.00 1832633761792.00 1832636121088.00 1832638611456.00 1832641232896.00 1832643461120.00 1832645689344.00 1832648835072.00 1832651849728.00 1832653815808.00 1832656699392.00 1832659189760.00 1832662073344.00 1832664825856.00 1832667316224.00 1832669151232.00 1832671510528.00 1832675180544.00 1832678064128.00 1832680292352.00 1832683044864.00 1832685666304.00 1832687894528.00 1832690647040.00 1832693661696.00 1832695496704.00 1832698642432.00 1832701394944.00 1832704147456.00 1832707031040.00 1832709259264.00 1832712404992.00 1832714371072.00 1832716599296.00 1832719351808.00 1832722628608.00 1832724987904.00 1832727740416.00 1832730230784.00 1832733114368.00 1832735604736.00 1832738357248.00 1832741109760.00 1832743075840.00 1832745697280.00 1832748580864.00 1832751333376.00 1832754085888.00 1832756051968.00 1832758411264.00 1832761425920.00 1832763785216.00 1832766144512.00 1832768765952.00 1832771911680.00 1832775057408.00 1832777416704.00 1832780300288.00 1832783052800.00 1832785281024.00 1832788164608.00 1832791048192.00 1832793407488.00 1832795897856.00 1832798781440.00 1832801533952.00 1832803893248.00 1832806645760.00 1832808480768.00 1832811233280.00 1832814116864.00 1832817131520.00 1832819097600.00 1832822112256.00 1832824340480.00 1832826699776.00 1832829845504.00 1832832729088.00 1832834564096.00 1832837185536.00 1832840331264.00 1832842690560.00 1832845049856.00 1832847933440.00 1832850554880.00 1832853045248.00 1832856059904.00 1832859205632.00 1832861696000.00 1832864186368.00 1832867201024.00 1832869822464.00 1832872312832.00 1832875327488.00 1832877555712.00 1832880046080.00 1832882798592.00 1832885288960.00 1832888041472.00 1832890400768.00 1832892891136.00 1832895119360.00 1832898002944.00 1832900493312.00 1832902852608.00 1832905605120.00 1832908226560.00 1832910716928.00 1832912945152.00 1832915435520.00 1832918188032.00 1832920940544.00 1832923561984.00 1832926314496.00 1832929329152.00 1832932343808.00 1832935227392.00 1832938766336.00 1832941912064.00 1832943878144.00 1832946237440.00 1832949252096.00 1832951480320.00 1832953708544.00 1832956329984.00 1832958164992.00 1832960786432.00 1832963145728.00 1832965636096.00 1832968519680.00 1832970878976.00 1832973238272.00 1832976384000.00 1832979005440.00 1832982151168.00 1832984903680.00 1832987787264.00 1832989884416.00 1832992374784.00 1832994340864.00 1832996438016.00 1832999583744.00 1833002205184.00 1833004957696.00 1833007972352.00 1833010855936.00 1833014263808.00 1833018064896.00 1833020948480.00 1833023045632.00 1833025273856.00 1833027502080.00 1833029861376.00 1833032351744.00 1833034842112.00 1833037725696.00 1833040084992.00 1833042313216.00 1833044148224.00 1833046376448.00 1833049784320.00 1833050439680.00 1833056075776.00 1833057910784.00 1833060794368.00 1833062367232.00 1833064202240.00 1833066954752.00 1833070493696.00 1833073377280.00 1833077833728.00 1833080717312.00 1833083076608.00 1833085698048.00 1833088188416.00 1833090416640.00 1833092644864.00 1833095004160.00 1833097625600.00 1833100378112.00 1833103261696.00 1833105883136.00 1833108242432.00 1833110601728.00 1833113223168.00 1833115451392.00 1833118072832.00 1833121087488.00 1833123577856.00 1833126723584.00 1833128951808.00 1833131442176.00 1833133408256.00 1833135767552.00 1833137602560.00 1833140486144.00 1833143369728.00 1833146515456.00 1833149530112.00 1833153069056.00 1833156214784.00 1833159360512.00 1833161981952.00 1833164472320.00 1833167093760.00 1833169584128.00 1833171812352.00 1833174302720.00 1833176399872.00 1833179152384.00 1833181380608.00 1833183739904.00 1833186623488.00 1833188720640.00 
------------------------------------------------------------

--- Tempos de Execução ---
Tempo scalar_matrix_mult: 8.931000 ms
Tempo matrix_matrix_mult: 48.861023 ms
Tempo total de execução (Overall time): 155.482971 ms


1024x1024 - Alloc Total:

./matrix_lib_test 5.0 1024 1024 1024 1024 256 4096 1024 floats_256_2.0f.dat floats_256_5.0f.dat result1.dat result2.dat
Tentando alocação FULL_ALLOC (12 MiB)...
Alocação GPU: FULL_ALLOC bem-sucedida.

--- Estado Inicial ---
---------- Matriz A (Original) - Primeiros 256 elementos ----------
1.00 2.00 3.00 4.00 5.00 6.00 7.00 8.00 9.00 10.00 11.00 12.00 13.00 14.00 15.00 16.00 17.00 18.00 19.00 20.00 21.00 22.00 23.00 24.00 25.00 26.00 27.00 28.00 29.00 30.00 31.00 32.00 33.00 34.00 35.00 36.00 37.00 38.00 39.00 40.00 41.00 42.00 43.00 44.00 45.00 46.00 47.00 48.00 49.00 50.00 51.00 52.00 53.00 54.00 55.00 56.00 57.00 58.00 59.00 60.00 61.00 62.00 63.00 64.00 65.00 66.00 67.00 68.00 69.00 70.00 71.00 72.00 73.00 74.00 75.00 76.00 77.00 78.00 79.00 80.00 81.00 82.00 83.00 84.00 85.00 86.00 87.00 88.00 89.00 90.00 91.00 92.00 93.00 94.00 95.00 96.00 97.00 98.00 99.00 100.00 101.00 102.00 103.00 104.00 105.00 106.00 107.00 108.00 109.00 110.00 111.00 112.00 113.00 114.00 115.00 116.00 117.00 118.00 119.00 120.00 121.00 122.00 123.00 124.00 125.00 126.00 127.00 128.00 129.00 130.00 131.00 132.00 133.00 134.00 135.00 136.00 137.00 138.00 139.00 140.00 141.00 142.00 143.00 144.00 145.00 146.00 147.00 148.00 149.00 150.00 151.00 152.00 153.00 154.00 155.00 156.00 157.00 158.00 159.00 160.00 161.00 162.00 163.00 164.00 165.00 166.00 167.00 168.00 169.00 170.00 171.00 172.00 173.00 174.00 175.00 176.00 177.00 178.00 179.00 180.00 181.00 182.00 183.00 184.00 185.00 186.00 187.00 188.00 189.00 190.00 191.00 192.00 193.00 194.00 195.00 196.00 197.00 198.00 199.00 200.00 201.00 202.00 203.00 204.00 205.00 206.00 207.00 208.00 209.00 210.00 211.00 212.00 213.00 214.00 215.00 216.00 217.00 218.00 219.00 220.00 221.00 222.00 223.00 224.00 225.00 226.00 227.00 228.00 229.00 230.00 231.00 232.00 233.00 234.00 235.00 236.00 237.00 238.00 239.00 240.00 241.00 242.00 243.00 244.00 245.00 246.00 247.00 248.00 249.00 250.00 251.00 252.00 253.00 254.00 255.00 256.00 
------------------------------------------------------------
---------- Matriz B (Original) - Primeiros 256 elementos ----------
1.00 2.00 3.00 4.00 5.00 6.00 7.00 8.00 9.00 10.00 11.00 12.00 13.00 14.00 15.00 16.00 17.00 18.00 19.00 20.00 21.00 22.00 23.00 24.00 25.00 26.00 27.00 28.00 29.00 30.00 31.00 32.00 33.00 34.00 35.00 36.00 37.00 38.00 39.00 40.00 41.00 42.00 43.00 44.00 45.00 46.00 47.00 48.00 49.00 50.00 51.00 52.00 53.00 54.00 55.00 56.00 57.00 58.00 59.00 60.00 61.00 62.00 63.00 64.00 65.00 66.00 67.00 68.00 69.00 70.00 71.00 72.00 73.00 74.00 75.00 76.00 77.00 78.00 79.00 80.00 81.00 82.00 83.00 84.00 85.00 86.00 87.00 88.00 89.00 90.00 91.00 92.00 93.00 94.00 95.00 96.00 97.00 98.00 99.00 100.00 101.00 102.00 103.00 104.00 105.00 106.00 107.00 108.00 109.00 110.00 111.00 112.00 113.00 114.00 115.00 116.00 117.00 118.00 119.00 120.00 121.00 122.00 123.00 124.00 125.00 126.00 127.00 128.00 129.00 130.00 131.00 132.00 133.00 134.00 135.00 136.00 137.00 138.00 139.00 140.00 141.00 142.00 143.00 144.00 145.00 146.00 147.00 148.00 149.00 150.00 151.00 152.00 153.00 154.00 155.00 156.00 157.00 158.00 159.00 160.00 161.00 162.00 163.00 164.00 165.00 166.00 167.00 168.00 169.00 170.00 171.00 172.00 173.00 174.00 175.00 176.00 177.00 178.00 179.00 180.00 181.00 182.00 183.00 184.00 185.00 186.00 187.00 188.00 189.00 190.00 191.00 192.00 193.00 194.00 195.00 196.00 197.00 198.00 199.00 200.00 201.00 202.00 203.00 204.00 205.00 206.00 207.00 208.00 209.00 210.00 211.00 212.00 213.00 214.00 215.00 216.00 217.00 218.00 219.00 220.00 221.00 222.00 223.00 224.00 225.00 226.00 227.00 228.00 229.00 230.00 231.00 232.00 233.00 234.00 235.00 236.00 237.00 238.00 239.00 240.00 241.00 242.00 243.00 244.00 245.00 246.00 247.00 248.00 249.00 250.00 251.00 252.00 253.00 254.00 255.00 256.00 
------------------------------------------------------------
---------- Matriz C (Original) - Primeiros 256 elementos ----------
0.00 0.00 0.00 0.00 0.00 0.00 0.00 0.00 0.00 0.00 0.00 0.00 0.00 0.00 0.00 0.00 0.00 0.00 0.00 0.00 0.00 0.00 0.00 0.00 0.00 0.00 0.00 0.00 0.00 0.00 0.00 0.00 0.00 0.00 0.00 0.00 0.00 0.00 0.00 0.00 0.00 0.00 0.00 0.00 0.00 0.00 0.00 0.00 0.00 0.00 0.00 0.00 0.00 0.00 0.00 0.00 0.00 0.00 0.00 0.00 0.00 0.00 0.00 0.00 0.00 0.00 0.00 0.00 0.00 0.00 0.00 0.00 0.00 0.00 0.00 0.00 0.00 0.00 0.00 0.00 0.00 0.00 0.00 0.00 0.00 0.00 0.00 0.00 0.00 0.00 0.00 0.00 0.00 0.00 0.00 0.00 0.00 0.00 0.00 0.00 0.00 0.00 0.00 0.00 0.00 0.00 0.00 0.00 0.00 0.00 0.00 0.00 0.00 0.00 0.00 0.00 0.00 0.00 0.00 0.00 0.00 0.00 0.00 0.00 0.00 0.00 0.00 0.00 0.00 0.00 0.00 0.00 0.00 0.00 0.00 0.00 0.00 0.00 0.00 0.00 0.00 0.00 0.00 0.00 0.00 0.00 0.00 0.00 0.00 0.00 0.00 0.00 0.00 0.00 0.00 0.00 0.00 0.00 0.00 0.00 0.00 0.00 0.00 0.00 0.00 0.00 0.00 0.00 0.00 0.00 0.00 0.00 0.00 0.00 0.00 0.00 0.00 0.00 0.00 0.00 0.00 0.00 0.00 0.00 0.00 0.00 0.00 0.00 0.00 0.00 0.00 0.00 0.00 0.00 0.00 0.00 0.00 0.00 0.00 0.00 0.00 0.00 0.00 0.00 0.00 0.00 0.00 0.00 0.00 0.00 0.00 0.00 0.00 0.00 0.00 0.00 0.00 0.00 0.00 0.00 0.00 0.00 0.00 0.00 0.00 0.00 0.00 0.00 0.00 0.00 0.00 0.00 0.00 0.00 0.00 0.00 0.00 0.00 0.00 0.00 0.00 0.00 0.00 0.00 0.00 0.00 0.00 0.00 0.00 0.00 0.00 0.00 0.00 0.00 0.00 0.00 
------------------------------------------------------------

--- Resultados Finais ---
---------- Matriz A (Resultado Escalar) - Primeiros 256 elementos ----------
5.00 10.00 15.00 20.00 25.00 30.00 35.00 40.00 45.00 50.00 55.00 60.00 65.00 70.00 75.00 80.00 85.00 90.00 95.00 100.00 105.00 110.00 115.00 120.00 125.00 130.00 135.00 140.00 145.00 150.00 155.00 160.00 165.00 170.00 175.00 180.00 185.00 190.00 195.00 200.00 205.00 210.00 215.00 220.00 225.00 230.00 235.00 240.00 245.00 250.00 255.00 260.00 265.00 270.00 275.00 280.00 285.00 290.00 295.00 300.00 305.00 310.00 315.00 320.00 325.00 330.00 335.00 340.00 345.00 350.00 355.00 360.00 365.00 370.00 375.00 380.00 385.00 390.00 395.00 400.00 405.00 410.00 415.00 420.00 425.00 430.00 435.00 440.00 445.00 450.00 455.00 460.00 465.00 470.00 475.00 480.00 485.00 490.00 495.00 500.00 505.00 510.00 515.00 520.00 525.00 530.00 535.00 540.00 545.00 550.00 555.00 560.00 565.00 570.00 575.00 580.00 585.00 590.00 595.00 600.00 605.00 610.00 615.00 620.00 625.00 630.00 635.00 640.00 645.00 650.00 655.00 660.00 665.00 670.00 675.00 680.00 685.00 690.00 695.00 700.00 705.00 710.00 715.00 720.00 725.00 730.00 735.00 740.00 745.00 750.00 755.00 760.00 765.00 770.00 775.00 780.00 785.00 790.00 795.00 800.00 805.00 810.00 815.00 820.00 825.00 830.00 835.00 840.00 845.00 850.00 855.00 860.00 865.00 870.00 875.00 880.00 885.00 890.00 895.00 900.00 905.00 910.00 915.00 920.00 925.00 930.00 935.00 940.00 945.00 950.00 955.00 960.00 965.00 970.00 975.00 980.00 985.00 990.00 995.00 1000.00 1005.00 1010.00 1015.00 1020.00 1025.00 1030.00 1035.00 1040.00 1045.00 1050.00 1055.00 1060.00 1065.00 1070.00 1075.00 1080.00 1085.00 1090.00 1095.00 1100.00 1105.00 1110.00 1115.00 1120.00 1125.00 1130.00 1135.00 1140.00 1145.00 1150.00 1155.00 1160.00 1165.00 1170.00 1175.00 1180.00 1185.00 1190.00 1195.00 1200.00 1205.00 1210.00 1215.00 1220.00 1225.00 1230.00 1235.00 1240.00 1245.00 1250.00 1255.00 1260.00 1265.00 1270.00 1275.00 1280.00 
------------------------------------------------------------
---------- Matriz C (Resultado Multiplicação) - Primeiros 256 elementos ----------
1832519991296.00 1832522481664.00 1832525496320.00 1832527986688.00 1832530870272.00 1832533622784.00 1832536113152.00 1832538865664.00 1832541356032.00 1832544108544.00 1832546729984.00 1832549220352.00 1832552103936.00 1832554463232.00 1832557346816.00 1832559575040.00 1832562196480.00 1832565211136.00 1832567308288.00 1832569929728.00 1832572551168.00 1832574779392.00 1832578449408.00 1832580546560.00 1832583168000.00 1832586182656.00 1832588541952.00 1832590901248.00 1832593522688.00 1832596144128.00 1832598765568.00 1832600993792.00 1832604270592.00 1832607154176.00 1832609644544.00 1832611741696.00 1832615018496.00 1832617115648.00 1832620130304.00 1832622489600.00 1832625373184.00 1832628256768.00 1832630616064.00 1832633761792.00 1832636121088.00 1832638611456.00 1832641232896.00 1832643461120.00 1832645689344.00 1832648835072.00 1832651849728.00 1832653815808.00 1832656699392.00 1832659189760.00 1832662073344.00 1832664825856.00 1832667316224.00 1832669151232.00 1832671510528.00 1832675180544.00 1832678064128.00 1832680292352.00 1832683044864.00 1832685666304.00 1832687894528.00 1832690647040.00 1832693661696.00 1832695496704.00 1832698642432.00 1832701394944.00 1832704147456.00 1832707031040.00 1832709259264.00 1832712404992.00 1832714371072.00 1832716599296.00 1832719351808.00 1832722628608.00 1832724987904.00 1832727740416.00 1832730230784.00 1832733114368.00 1832735604736.00 1832738357248.00 1832741109760.00 1832743075840.00 1832745697280.00 1832748580864.00 1832751333376.00 1832754085888.00 1832756051968.00 1832758411264.00 1832761425920.00 1832763785216.00 1832766144512.00 1832768765952.00 1832771911680.00 1832775057408.00 1832777416704.00 1832780300288.00 1832783052800.00 1832785281024.00 1832788164608.00 1832791048192.00 1832793407488.00 1832795897856.00 1832798781440.00 1832801533952.00 1832803893248.00 1832806645760.00 1832808480768.00 1832811233280.00 1832814116864.00 1832817131520.00 1832819097600.00 1832822112256.00 1832824340480.00 1832826699776.00 1832829845504.00 1832832729088.00 1832834564096.00 1832837185536.00 1832840331264.00 1832842690560.00 1832845049856.00 1832847933440.00 1832850554880.00 1832853045248.00 1832856059904.00 1832859205632.00 1832861696000.00 1832864186368.00 1832867201024.00 1832869822464.00 1832872312832.00 1832875327488.00 1832877555712.00 1832880046080.00 1832882798592.00 1832885288960.00 1832888041472.00 1832890400768.00 1832892891136.00 1832895119360.00 1832898002944.00 1832900493312.00 1832902852608.00 1832905605120.00 1832908226560.00 1832910716928.00 1832912945152.00 1832915435520.00 1832918188032.00 1832920940544.00 1832923561984.00 1832926314496.00 1832929329152.00 1832932343808.00 1832935227392.00 1832938766336.00 1832941912064.00 1832943878144.00 1832946237440.00 1832949252096.00 1832951480320.00 1832953708544.00 1832956329984.00 1832958164992.00 1832960786432.00 1832963145728.00 1832965636096.00 1832968519680.00 1832970878976.00 1832973238272.00 1832976384000.00 1832979005440.00 1832982151168.00 1832984903680.00 1832987787264.00 1832989884416.00 1832992374784.00 1832994340864.00 1832996438016.00 1832999583744.00 1833002205184.00 1833004957696.00 1833007972352.00 1833010855936.00 1833014263808.00 1833018064896.00 1833020948480.00 1833023045632.00 1833025273856.00 1833027502080.00 1833029861376.00 1833032351744.00 1833034842112.00 1833037725696.00 1833040084992.00 1833042313216.00 1833044148224.00 1833046376448.00 1833049784320.00 1833050439680.00 1833056075776.00 1833057910784.00 1833060794368.00 1833062367232.00 1833064202240.00 1833066954752.00 1833070493696.00 1833073377280.00 1833077833728.00 1833080717312.00 1833083076608.00 1833085698048.00 1833088188416.00 1833090416640.00 1833092644864.00 1833095004160.00 1833097625600.00 1833100378112.00 1833103261696.00 1833105883136.00 1833108242432.00 1833110601728.00 1833113223168.00 1833115451392.00 1833118072832.00 1833121087488.00 1833123577856.00 1833126723584.00 1833128951808.00 1833131442176.00 1833133408256.00 1833135767552.00 1833137602560.00 1833140486144.00 1833143369728.00 1833146515456.00 1833149530112.00 1833153069056.00 1833156214784.00 1833159360512.00 1833161981952.00 1833164472320.00 1833167093760.00 1833169584128.00 1833171812352.00 1833174302720.00 1833176399872.00 1833179152384.00 1833181380608.00 1833183739904.00 1833186623488.00 1833188720640.00 
------------------------------------------------------------

--- Tempos de Execução ---
Tempo scalar_matrix_mult: 0.465000 ms
Tempo matrix_matrix_mult: 1.429000 ms
Tempo total de execução (Overall time): 94.744003 ms

2048x2048 - Alloc Parcial:

./matrix_lib_test 5.0 2048 2048 2048 2048 256 4096 40 floats_256_2.0f.dat floats_256_5.0f.dat result1.dat result2.dat
Tentando alocação PARTIAL_ALLOC (16 MiB)...
Alocação GPU: PARTIAL_ALLOC bem-sucedida.

--- Estado Inicial ---
---------- Matriz A (Original) - Primeiros 256 elementos ----------
1.00 2.00 3.00 4.00 5.00 6.00 7.00 8.00 9.00 10.00 11.00 12.00 13.00 14.00 15.00 16.00 17.00 18.00 19.00 20.00 21.00 22.00 23.00 24.00 25.00 26.00 27.00 28.00 29.00 30.00 31.00 32.00 33.00 34.00 35.00 36.00 37.00 38.00 39.00 40.00 41.00 42.00 43.00 44.00 45.00 46.00 47.00 48.00 49.00 50.00 51.00 52.00 53.00 54.00 55.00 56.00 57.00 58.00 59.00 60.00 61.00 62.00 63.00 64.00 65.00 66.00 67.00 68.00 69.00 70.00 71.00 72.00 73.00 74.00 75.00 76.00 77.00 78.00 79.00 80.00 81.00 82.00 83.00 84.00 85.00 86.00 87.00 88.00 89.00 90.00 91.00 92.00 93.00 94.00 95.00 96.00 97.00 98.00 99.00 100.00 101.00 102.00 103.00 104.00 105.00 106.00 107.00 108.00 109.00 110.00 111.00 112.00 113.00 114.00 115.00 116.00 117.00 118.00 119.00 120.00 121.00 122.00 123.00 124.00 125.00 126.00 127.00 128.00 129.00 130.00 131.00 132.00 133.00 134.00 135.00 136.00 137.00 138.00 139.00 140.00 141.00 142.00 143.00 144.00 145.00 146.00 147.00 148.00 149.00 150.00 151.00 152.00 153.00 154.00 155.00 156.00 157.00 158.00 159.00 160.00 161.00 162.00 163.00 164.00 165.00 166.00 167.00 168.00 169.00 170.00 171.00 172.00 173.00 174.00 175.00 176.00 177.00 178.00 179.00 180.00 181.00 182.00 183.00 184.00 185.00 186.00 187.00 188.00 189.00 190.00 191.00 192.00 193.00 194.00 195.00 196.00 197.00 198.00 199.00 200.00 201.00 202.00 203.00 204.00 205.00 206.00 207.00 208.00 209.00 210.00 211.00 212.00 213.00 214.00 215.00 216.00 217.00 218.00 219.00 220.00 221.00 222.00 223.00 224.00 225.00 226.00 227.00 228.00 229.00 230.00 231.00 232.00 233.00 234.00 235.00 236.00 237.00 238.00 239.00 240.00 241.00 242.00 243.00 244.00 245.00 246.00 247.00 248.00 249.00 250.00 251.00 252.00 253.00 254.00 255.00 256.00 
------------------------------------------------------------
---------- Matriz B (Original) - Primeiros 256 elementos ----------
1.00 2.00 3.00 4.00 5.00 6.00 7.00 8.00 9.00 10.00 11.00 12.00 13.00 14.00 15.00 16.00 17.00 18.00 19.00 20.00 21.00 22.00 23.00 24.00 25.00 26.00 27.00 28.00 29.00 30.00 31.00 32.00 33.00 34.00 35.00 36.00 37.00 38.00 39.00 40.00 41.00 42.00 43.00 44.00 45.00 46.00 47.00 48.00 49.00 50.00 51.00 52.00 53.00 54.00 55.00 56.00 57.00 58.00 59.00 60.00 61.00 62.00 63.00 64.00 65.00 66.00 67.00 68.00 69.00 70.00 71.00 72.00 73.00 74.00 75.00 76.00 77.00 78.00 79.00 80.00 81.00 82.00 83.00 84.00 85.00 86.00 87.00 88.00 89.00 90.00 91.00 92.00 93.00 94.00 95.00 96.00 97.00 98.00 99.00 100.00 101.00 102.00 103.00 104.00 105.00 106.00 107.00 108.00 109.00 110.00 111.00 112.00 113.00 114.00 115.00 116.00 117.00 118.00 119.00 120.00 121.00 122.00 123.00 124.00 125.00 126.00 127.00 128.00 129.00 130.00 131.00 132.00 133.00 134.00 135.00 136.00 137.00 138.00 139.00 140.00 141.00 142.00 143.00 144.00 145.00 146.00 147.00 148.00 149.00 150.00 151.00 152.00 153.00 154.00 155.00 156.00 157.00 158.00 159.00 160.00 161.00 162.00 163.00 164.00 165.00 166.00 167.00 168.00 169.00 170.00 171.00 172.00 173.00 174.00 175.00 176.00 177.00 178.00 179.00 180.00 181.00 182.00 183.00 184.00 185.00 186.00 187.00 188.00 189.00 190.00 191.00 192.00 193.00 194.00 195.00 196.00 197.00 198.00 199.00 200.00 201.00 202.00 203.00 204.00 205.00 206.00 207.00 208.00 209.00 210.00 211.00 212.00 213.00 214.00 215.00 216.00 217.00 218.00 219.00 220.00 221.00 222.00 223.00 224.00 225.00 226.00 227.00 228.00 229.00 230.00 231.00 232.00 233.00 234.00 235.00 236.00 237.00 238.00 239.00 240.00 241.00 242.00 243.00 244.00 245.00 246.00 247.00 248.00 249.00 250.00 251.00 252.00 253.00 254.00 255.00 256.00 
------------------------------------------------------------
---------- Matriz C (Original) - Primeiros 256 elementos ----------
0.00 0.00 0.00 0.00 0.00 0.00 0.00 0.00 0.00 0.00 0.00 0.00 0.00 0.00 0.00 0.00 0.00 0.00 0.00 0.00 0.00 0.00 0.00 0.00 0.00 0.00 0.00 0.00 0.00 0.00 0.00 0.00 0.00 0.00 0.00 0.00 0.00 0.00 0.00 0.00 0.00 0.00 0.00 0.00 0.00 0.00 0.00 0.00 0.00 0.00 0.00 0.00 0.00 0.00 0.00 0.00 0.00 0.00 0.00 0.00 0.00 0.00 0.00 0.00 0.00 0.00 0.00 0.00 0.00 0.00 0.00 0.00 0.00 0.00 0.00 0.00 0.00 0.00 0.00 0.00 0.00 0.00 0.00 0.00 0.00 0.00 0.00 0.00 0.00 0.00 0.00 0.00 0.00 0.00 0.00 0.00 0.00 0.00 0.00 0.00 0.00 0.00 0.00 0.00 0.00 0.00 0.00 0.00 0.00 0.00 0.00 0.00 0.00 0.00 0.00 0.00 0.00 0.00 0.00 0.00 0.00 0.00 0.00 0.00 0.00 0.00 0.00 0.00 0.00 0.00 0.00 0.00 0.00 0.00 0.00 0.00 0.00 0.00 0.00 0.00 0.00 0.00 0.00 0.00 0.00 0.00 0.00 0.00 0.00 0.00 0.00 0.00 0.00 0.00 0.00 0.00 0.00 0.00 0.00 0.00 0.00 0.00 0.00 0.00 0.00 0.00 0.00 0.00 0.00 0.00 0.00 0.00 0.00 0.00 0.00 0.00 0.00 0.00 0.00 0.00 0.00 0.00 0.00 0.00 0.00 0.00 0.00 0.00 0.00 0.00 0.00 0.00 0.00 0.00 0.00 0.00 0.00 0.00 0.00 0.00 0.00 0.00 0.00 0.00 0.00 0.00 0.00 0.00 0.00 0.00 0.00 0.00 0.00 0.00 0.00 0.00 0.00 0.00 0.00 0.00 0.00 0.00 0.00 0.00 0.00 0.00 0.00 0.00 0.00 0.00 0.00 0.00 0.00 0.00 0.00 0.00 0.00 0.00 0.00 0.00 0.00 0.00 0.00 0.00 0.00 0.00 0.00 0.00 0.00 0.00 0.00 0.00 0.00 0.00 0.00 0.00 
------------------------------------------------------------

--- Resultados Finais ---
---------- Matriz A (Resultado Escalar) - Primeiros 256 elementos ----------
5.00 10.00 15.00 20.00 25.00 30.00 35.00 40.00 45.00 50.00 55.00 60.00 65.00 70.00 75.00 80.00 85.00 90.00 95.00 100.00 105.00 110.00 115.00 120.00 125.00 130.00 135.00 140.00 145.00 150.00 155.00 160.00 165.00 170.00 175.00 180.00 185.00 190.00 195.00 200.00 205.00 210.00 215.00 220.00 225.00 230.00 235.00 240.00 245.00 250.00 255.00 260.00 265.00 270.00 275.00 280.00 285.00 290.00 295.00 300.00 305.00 310.00 315.00 320.00 325.00 330.00 335.00 340.00 345.00 350.00 355.00 360.00 365.00 370.00 375.00 380.00 385.00 390.00 395.00 400.00 405.00 410.00 415.00 420.00 425.00 430.00 435.00 440.00 445.00 450.00 455.00 460.00 465.00 470.00 475.00 480.00 485.00 490.00 495.00 500.00 505.00 510.00 515.00 520.00 525.00 530.00 535.00 540.00 545.00 550.00 555.00 560.00 565.00 570.00 575.00 580.00 585.00 590.00 595.00 600.00 605.00 610.00 615.00 620.00 625.00 630.00 635.00 640.00 645.00 650.00 655.00 660.00 665.00 670.00 675.00 680.00 685.00 690.00 695.00 700.00 705.00 710.00 715.00 720.00 725.00 730.00 735.00 740.00 745.00 750.00 755.00 760.00 765.00 770.00 775.00 780.00 785.00 790.00 795.00 800.00 805.00 810.00 815.00 820.00 825.00 830.00 835.00 840.00 845.00 850.00 855.00 860.00 865.00 870.00 875.00 880.00 885.00 890.00 895.00 900.00 905.00 910.00 915.00 920.00 925.00 930.00 935.00 940.00 945.00 950.00 955.00 960.00 965.00 970.00 975.00 980.00 985.00 990.00 995.00 1000.00 1005.00 1010.00 1015.00 1020.00 1025.00 1030.00 1035.00 1040.00 1045.00 1050.00 1055.00 1060.00 1065.00 1070.00 1075.00 1080.00 1085.00 1090.00 1095.00 1100.00 1105.00 1110.00 1115.00 1120.00 1125.00 1130.00 1135.00 1140.00 1145.00 1150.00 1155.00 1160.00 1165.00 1170.00 1175.00 1180.00 1185.00 1190.00 1195.00 1200.00 1205.00 1210.00 1215.00 1220.00 1225.00 1230.00 1235.00 1240.00 1245.00 1250.00 1255.00 1260.00 1265.00 1270.00 1275.00 1280.00 
------------------------------------------------------------
---------- Matriz C (Resultado Multiplicação) - Primeiros 256 elementos ----------
29320300986368.00 29320309374976.00 29320319860736.00 29320332443648.00 29320345026560.00 29320355512320.00 29320365998080.00 29320374386688.00 29320380678144.00 29320391163904.00 29320401649664.00 29320407941120.00 29320420524032.00 29320426815488.00 29320439398400.00 29320449884160.00 29320462467072.00 29320470855680.00 29320485535744.00 29320498118656.00 29320504410112.00 29320519090176.00 29320529575936.00 29320535867392.00 29320552644608.00 29320565227520.00 29320573616128.00 29320584101888.00 29320600879104.00 29320611364864.00 29320621850624.00 29320632336384.00 29320640724992.00 29320651210752.00 29320659599360.00 29320672182272.00 29320678473728.00 29320695250944.00 29320705736704.00 29320718319616.00 29320728805376.00 29320737193984.00 29320749776896.00 29320760262656.00 29320772845568.00 29320781234176.00 29320793817088.00 29320804302848.00 29320814788608.00 29320827371520.00 29320842051584.00 29320850440192.00 29320858828800.00 29320871411712.00 29320881897472.00 29320898674688.00 29320911257600.00 29320923840512.00 29320932229120.00 29320942714880.00 29320959492096.00 29320967880704.00 29320976269312.00 29320982560768.00 29320993046528.00 29321009823744.00 29321018212352.00 29321030795264.00 29321049669632.00 29321058058240.00 29321066446848.00 29321070641152.00 29321083224064.00 29321091612672.00 29321102098432.00 29321118875648.00 29321127264256.00 29321135652864.00 29321141944320.00 29321154527232.00 29321162915840.00 29321175498752.00 29321190178816.00 29321200664576.00 29321206956032.00 29321217441792.00 29321225830400.00 29321238413312.00 29321250996224.00 29321257287680.00 29321269870592.00 29321282453504.00 29321292939264.00 29321301327872.00 29321311813632.00 29321322299392.00 29321330688000.00 29321349562368.00 29321355853824.00 29321366339584.00 29321376825344.00 29321385213952.00 29321393602560.00 29321404088320.00 29321416671232.00 29321427156992.00 29321435545600.00 29321443934208.00 29321454419968.00 29321469100032.00 29321475391488.00 29321487974400.00 29321496363008.00 29321511043072.00 29321523625984.00 29321538306048.00 29321546694656.00 29321557180416.00 29321565569024.00 29321573957632.00 29321586540544.00 29321594929152.00 29321605414912.00 29321611706368.00 29321620094976.00 29321632677888.00 29321638969344.00 29321647357952.00 29321655746560.00 29321666232320.00 29321678815232.00 29321691398144.00 29321703981056.00 29321714466816.00 29321724952576.00 29321731244032.00 29321752215552.00 29321758507008.00 29321764798464.00 29321773187072.00 29321779478528.00 29321787867136.00 29321802547200.00 29321817227264.00 29321825615872.00 29321831907328.00 29321842393088.00 29321850781696.00 29321857073152.00 29321867558912.00 29321875947520.00 29321880141824.00 29321892724736.00 29321901113344.00 29321913696256.00 29321926279168.00 29321934667776.00 29321943056384.00 29321949347840.00 29321959833600.00 29321972416512.00 29321982902272.00 29321989193728.00 29321997582336.00 29322005970944.00 29322012262400.00 29322024845312.00 29322035331072.00 29322052108288.00 29322064691200.00 29322073079808.00 29322083565568.00 29322098245632.00 29322108731392.00 29322119217152.00 29322131800064.00 29322142285824.00 29322159063040.00 29322169548800.00 29322175840256.00 29322188423168.00 29322194714624.00 29322201006080.00 29322215686144.00 29322228269056.00 29322238754816.00 29322249240576.00 29322259726336.00 29322272309248.00 29322284892160.00 29322295377920.00 29322303766528.00 29322322640896.00 29322331029504.00 29322341515264.00 29322356195328.00 29322366681088.00 29322377166848.00 29322393944064.00 29322404429824.00 29322410721280.00 29322419109888.00 29322427498496.00 29322437984256.00 29322450567168.00 29322458955776.00 29322469441536.00 29322486218752.00 29322498801664.00 29322513481728.00 29322523967488.00 29322540744704.00 29322555424768.00 29322563813376.00 29322568007680.00 29322582687744.00 29322588979200.00 29322597367808.00 29322612047872.00 29322624630784.00 29322639310848.00 29322645602304.00 29322658185216.00 29322670768128.00 29322677059584.00 29322685448192.00 29322695933952.00 29322708516864.00 29322716905472.00 29322727391232.00 29322737876992.00 29322746265600.00 29322752557056.00 29322765139968.00 29322771431424.00 29322777722880.00 29322788208640.00 29322796597248.00 29322809180160.00 29322817568768.00 29322821763072.00 29322834345984.00 29322846928896.00 29322857414656.00 29322863706112.00 29322874191872.00 29322878386176.00 29322890969088.00 29322905649152.00 29322916134912.00 29322930814976.00 29322945495040.00 29322955980800.00 29322964369408.00 29322976952320.00 29322985340928.00 
------------------------------------------------------------

--- Tempos de Execução ---
Tempo scalar_matrix_mult: 30.629000 ms
Tempo matrix_matrix_mult: 167.945999 ms
Tempo total de execução (Overall time): 304.157013 ms

2048x2048 - Alloc Total:

./matrix_lib_test 5.0 2048 2048 2048 2048 256 4096 1024 floats_256_2.0f.dat floats_256_5.0f.dat result1.dat result2.dat
Tentando alocação FULL_ALLOC (48 MiB)...
Alocação GPU: FULL_ALLOC bem-sucedida.

--- Estado Inicial ---
---------- Matriz A (Original) - Primeiros 256 elementos ----------
1.00 2.00 3.00 4.00 5.00 6.00 7.00 8.00 9.00 10.00 11.00 12.00 13.00 14.00 15.00 16.00 17.00 18.00 19.00 20.00 21.00 22.00 23.00 24.00 25.00 26.00 27.00 28.00 29.00 30.00 31.00 32.00 33.00 34.00 35.00 36.00 37.00 38.00 39.00 40.00 41.00 42.00 43.00 44.00 45.00 46.00 47.00 48.00 49.00 50.00 51.00 52.00 53.00 54.00 55.00 56.00 57.00 58.00 59.00 60.00 61.00 62.00 63.00 64.00 65.00 66.00 67.00 68.00 69.00 70.00 71.00 72.00 73.00 74.00 75.00 76.00 77.00 78.00 79.00 80.00 81.00 82.00 83.00 84.00 85.00 86.00 87.00 88.00 89.00 90.00 91.00 92.00 93.00 94.00 95.00 96.00 97.00 98.00 99.00 100.00 101.00 102.00 103.00 104.00 105.00 106.00 107.00 108.00 109.00 110.00 111.00 112.00 113.00 114.00 115.00 116.00 117.00 118.00 119.00 120.00 121.00 122.00 123.00 124.00 125.00 126.00 127.00 128.00 129.00 130.00 131.00 132.00 133.00 134.00 135.00 136.00 137.00 138.00 139.00 140.00 141.00 142.00 143.00 144.00 145.00 146.00 147.00 148.00 149.00 150.00 151.00 152.00 153.00 154.00 155.00 156.00 157.00 158.00 159.00 160.00 161.00 162.00 163.00 164.00 165.00 166.00 167.00 168.00 169.00 170.00 171.00 172.00 173.00 174.00 175.00 176.00 177.00 178.00 179.00 180.00 181.00 182.00 183.00 184.00 185.00 186.00 187.00 188.00 189.00 190.00 191.00 192.00 193.00 194.00 195.00 196.00 197.00 198.00 199.00 200.00 201.00 202.00 203.00 204.00 205.00 206.00 207.00 208.00 209.00 210.00 211.00 212.00 213.00 214.00 215.00 216.00 217.00 218.00 219.00 220.00 221.00 222.00 223.00 224.00 225.00 226.00 227.00 228.00 229.00 230.00 231.00 232.00 233.00 234.00 235.00 236.00 237.00 238.00 239.00 240.00 241.00 242.00 243.00 244.00 245.00 246.00 247.00 248.00 249.00 250.00 251.00 252.00 253.00 254.00 255.00 256.00 
------------------------------------------------------------
---------- Matriz B (Original) - Primeiros 256 elementos ----------
1.00 2.00 3.00 4.00 5.00 6.00 7.00 8.00 9.00 10.00 11.00 12.00 13.00 14.00 15.00 16.00 17.00 18.00 19.00 20.00 21.00 22.00 23.00 24.00 25.00 26.00 27.00 28.00 29.00 30.00 31.00 32.00 33.00 34.00 35.00 36.00 37.00 38.00 39.00 40.00 41.00 42.00 43.00 44.00 45.00 46.00 47.00 48.00 49.00 50.00 51.00 52.00 53.00 54.00 55.00 56.00 57.00 58.00 59.00 60.00 61.00 62.00 63.00 64.00 65.00 66.00 67.00 68.00 69.00 70.00 71.00 72.00 73.00 74.00 75.00 76.00 77.00 78.00 79.00 80.00 81.00 82.00 83.00 84.00 85.00 86.00 87.00 88.00 89.00 90.00 91.00 92.00 93.00 94.00 95.00 96.00 97.00 98.00 99.00 100.00 101.00 102.00 103.00 104.00 105.00 106.00 107.00 108.00 109.00 110.00 111.00 112.00 113.00 114.00 115.00 116.00 117.00 118.00 119.00 120.00 121.00 122.00 123.00 124.00 125.00 126.00 127.00 128.00 129.00 130.00 131.00 132.00 133.00 134.00 135.00 136.00 137.00 138.00 139.00 140.00 141.00 142.00 143.00 144.00 145.00 146.00 147.00 148.00 149.00 150.00 151.00 152.00 153.00 154.00 155.00 156.00 157.00 158.00 159.00 160.00 161.00 162.00 163.00 164.00 165.00 166.00 167.00 168.00 169.00 170.00 171.00 172.00 173.00 174.00 175.00 176.00 177.00 178.00 179.00 180.00 181.00 182.00 183.00 184.00 185.00 186.00 187.00 188.00 189.00 190.00 191.00 192.00 193.00 194.00 195.00 196.00 197.00 198.00 199.00 200.00 201.00 202.00 203.00 204.00 205.00 206.00 207.00 208.00 209.00 210.00 211.00 212.00 213.00 214.00 215.00 216.00 217.00 218.00 219.00 220.00 221.00 222.00 223.00 224.00 225.00 226.00 227.00 228.00 229.00 230.00 231.00 232.00 233.00 234.00 235.00 236.00 237.00 238.00 239.00 240.00 241.00 242.00 243.00 244.00 245.00 246.00 247.00 248.00 249.00 250.00 251.00 252.00 253.00 254.00 255.00 256.00 
------------------------------------------------------------
---------- Matriz C (Original) - Primeiros 256 elementos ----------
0.00 0.00 0.00 0.00 0.00 0.00 0.00 0.00 0.00 0.00 0.00 0.00 0.00 0.00 0.00 0.00 0.00 0.00 0.00 0.00 0.00 0.00 0.00 0.00 0.00 0.00 0.00 0.00 0.00 0.00 0.00 0.00 0.00 0.00 0.00 0.00 0.00 0.00 0.00 0.00 0.00 0.00 0.00 0.00 0.00 0.00 0.00 0.00 0.00 0.00 0.00 0.00 0.00 0.00 0.00 0.00 0.00 0.00 0.00 0.00 0.00 0.00 0.00 0.00 0.00 0.00 0.00 0.00 0.00 0.00 0.00 0.00 0.00 0.00 0.00 0.00 0.00 0.00 0.00 0.00 0.00 0.00 0.00 0.00 0.00 0.00 0.00 0.00 0.00 0.00 0.00 0.00 0.00 0.00 0.00 0.00 0.00 0.00 0.00 0.00 0.00 0.00 0.00 0.00 0.00 0.00 0.00 0.00 0.00 0.00 0.00 0.00 0.00 0.00 0.00 0.00 0.00 0.00 0.00 0.00 0.00 0.00 0.00 0.00 0.00 0.00 0.00 0.00 0.00 0.00 0.00 0.00 0.00 0.00 0.00 0.00 0.00 0.00 0.00 0.00 0.00 0.00 0.00 0.00 0.00 0.00 0.00 0.00 0.00 0.00 0.00 0.00 0.00 0.00 0.00 0.00 0.00 0.00 0.00 0.00 0.00 0.00 0.00 0.00 0.00 0.00 0.00 0.00 0.00 0.00 0.00 0.00 0.00 0.00 0.00 0.00 0.00 0.00 0.00 0.00 0.00 0.00 0.00 0.00 0.00 0.00 0.00 0.00 0.00 0.00 0.00 0.00 0.00 0.00 0.00 0.00 0.00 0.00 0.00 0.00 0.00 0.00 0.00 0.00 0.00 0.00 0.00 0.00 0.00 0.00 0.00 0.00 0.00 0.00 0.00 0.00 0.00 0.00 0.00 0.00 0.00 0.00 0.00 0.00 0.00 0.00 0.00 0.00 0.00 0.00 0.00 0.00 0.00 0.00 0.00 0.00 0.00 0.00 0.00 0.00 0.00 0.00 0.00 0.00 0.00 0.00 0.00 0.00 0.00 0.00 0.00 0.00 0.00 0.00 0.00 0.00 
------------------------------------------------------------

--- Resultados Finais ---
---------- Matriz A (Resultado Escalar) - Primeiros 256 elementos ----------
5.00 10.00 15.00 20.00 25.00 30.00 35.00 40.00 45.00 50.00 55.00 60.00 65.00 70.00 75.00 80.00 85.00 90.00 95.00 100.00 105.00 110.00 115.00 120.00 125.00 130.00 135.00 140.00 145.00 150.00 155.00 160.00 165.00 170.00 175.00 180.00 185.00 190.00 195.00 200.00 205.00 210.00 215.00 220.00 225.00 230.00 235.00 240.00 245.00 250.00 255.00 260.00 265.00 270.00 275.00 280.00 285.00 290.00 295.00 300.00 305.00 310.00 315.00 320.00 325.00 330.00 335.00 340.00 345.00 350.00 355.00 360.00 365.00 370.00 375.00 380.00 385.00 390.00 395.00 400.00 405.00 410.00 415.00 420.00 425.00 430.00 435.00 440.00 445.00 450.00 455.00 460.00 465.00 470.00 475.00 480.00 485.00 490.00 495.00 500.00 505.00 510.00 515.00 520.00 525.00 530.00 535.00 540.00 545.00 550.00 555.00 560.00 565.00 570.00 575.00 580.00 585.00 590.00 595.00 600.00 605.00 610.00 615.00 620.00 625.00 630.00 635.00 640.00 645.00 650.00 655.00 660.00 665.00 670.00 675.00 680.00 685.00 690.00 695.00 700.00 705.00 710.00 715.00 720.00 725.00 730.00 735.00 740.00 745.00 750.00 755.00 760.00 765.00 770.00 775.00 780.00 785.00 790.00 795.00 800.00 805.00 810.00 815.00 820.00 825.00 830.00 835.00 840.00 845.00 850.00 855.00 860.00 865.00 870.00 875.00 880.00 885.00 890.00 895.00 900.00 905.00 910.00 915.00 920.00 925.00 930.00 935.00 940.00 945.00 950.00 955.00 960.00 965.00 970.00 975.00 980.00 985.00 990.00 995.00 1000.00 1005.00 1010.00 1015.00 1020.00 1025.00 1030.00 1035.00 1040.00 1045.00 1050.00 1055.00 1060.00 1065.00 1070.00 1075.00 1080.00 1085.00 1090.00 1095.00 1100.00 1105.00 1110.00 1115.00 1120.00 1125.00 1130.00 1135.00 1140.00 1145.00 1150.00 1155.00 1160.00 1165.00 1170.00 1175.00 1180.00 1185.00 1190.00 1195.00 1200.00 1205.00 1210.00 1215.00 1220.00 1225.00 1230.00 1235.00 1240.00 1245.00 1250.00 1255.00 1260.00 1265.00 1270.00 1275.00 1280.00 
------------------------------------------------------------
---------- Matriz C (Resultado Multiplicação) - Primeiros 256 elementos ----------
29320300986368.00 29320309374976.00 29320319860736.00 29320332443648.00 29320345026560.00 29320355512320.00 29320365998080.00 29320374386688.00 29320380678144.00 29320391163904.00 29320401649664.00 29320407941120.00 29320420524032.00 29320426815488.00 29320439398400.00 29320449884160.00 29320462467072.00 29320470855680.00 29320485535744.00 29320498118656.00 29320504410112.00 29320519090176.00 29320529575936.00 29320535867392.00 29320552644608.00 29320565227520.00 29320573616128.00 29320584101888.00 29320600879104.00 29320611364864.00 29320621850624.00 29320632336384.00 29320640724992.00 29320651210752.00 29320659599360.00 29320672182272.00 29320678473728.00 29320695250944.00 29320705736704.00 29320718319616.00 29320728805376.00 29320737193984.00 29320749776896.00 29320760262656.00 29320772845568.00 29320781234176.00 29320793817088.00 29320804302848.00 29320814788608.00 29320827371520.00 29320842051584.00 29320850440192.00 29320858828800.00 29320871411712.00 29320881897472.00 29320898674688.00 29320911257600.00 29320923840512.00 29320932229120.00 29320942714880.00 29320959492096.00 29320967880704.00 29320976269312.00 29320982560768.00 29320993046528.00 29321009823744.00 29321018212352.00 29321030795264.00 29321049669632.00 29321058058240.00 29321066446848.00 29321070641152.00 29321083224064.00 29321091612672.00 29321102098432.00 29321118875648.00 29321127264256.00 29321135652864.00 29321141944320.00 29321154527232.00 29321162915840.00 29321175498752.00 29321190178816.00 29321200664576.00 29321206956032.00 29321217441792.00 29321225830400.00 29321238413312.00 29321250996224.00 29321257287680.00 29321269870592.00 29321282453504.00 29321292939264.00 29321301327872.00 29321311813632.00 29321322299392.00 29321330688000.00 29321349562368.00 29321355853824.00 29321366339584.00 29321376825344.00 29321385213952.00 29321393602560.00 29321404088320.00 29321416671232.00 29321427156992.00 29321435545600.00 29321443934208.00 29321454419968.00 29321469100032.00 29321475391488.00 29321487974400.00 29321496363008.00 29321511043072.00 29321523625984.00 29321538306048.00 29321546694656.00 29321557180416.00 29321565569024.00 29321573957632.00 29321586540544.00 29321594929152.00 29321605414912.00 29321611706368.00 29321620094976.00 29321632677888.00 29321638969344.00 29321647357952.00 29321655746560.00 29321666232320.00 29321678815232.00 29321691398144.00 29321703981056.00 29321714466816.00 29321724952576.00 29321731244032.00 29321752215552.00 29321758507008.00 29321764798464.00 29321773187072.00 29321779478528.00 29321787867136.00 29321802547200.00 29321817227264.00 29321825615872.00 29321831907328.00 29321842393088.00 29321850781696.00 29321857073152.00 29321867558912.00 29321875947520.00 29321880141824.00 29321892724736.00 29321901113344.00 29321913696256.00 29321926279168.00 29321934667776.00 29321943056384.00 29321949347840.00 29321959833600.00 29321972416512.00 29321982902272.00 29321989193728.00 29321997582336.00 29322005970944.00 29322012262400.00 29322024845312.00 29322035331072.00 29322052108288.00 29322064691200.00 29322073079808.00 29322083565568.00 29322098245632.00 29322108731392.00 29322119217152.00 29322131800064.00 29322142285824.00 29322159063040.00 29322169548800.00 29322175840256.00 29322188423168.00 29322194714624.00 29322201006080.00 29322215686144.00 29322228269056.00 29322238754816.00 29322249240576.00 29322259726336.00 29322272309248.00 29322284892160.00 29322295377920.00 29322303766528.00 29322322640896.00 29322331029504.00 29322341515264.00 29322356195328.00 29322366681088.00 29322377166848.00 29322393944064.00 29322404429824.00 29322410721280.00 29322419109888.00 29322427498496.00 29322437984256.00 29322450567168.00 29322458955776.00 29322469441536.00 29322486218752.00 29322498801664.00 29322513481728.00 29322523967488.00 29322540744704.00 29322555424768.00 29322563813376.00 29322568007680.00 29322582687744.00 29322588979200.00 29322597367808.00 29322612047872.00 29322624630784.00 29322639310848.00 29322645602304.00 29322658185216.00 29322670768128.00 29322677059584.00 29322685448192.00 29322695933952.00 29322708516864.00 29322716905472.00 29322727391232.00 29322737876992.00 29322746265600.00 29322752557056.00 29322765139968.00 29322771431424.00 29322777722880.00 29322788208640.00 29322796597248.00 29322809180160.00 29322817568768.00 29322821763072.00 29322834345984.00 29322846928896.00 29322857414656.00 29322863706112.00 29322874191872.00 29322878386176.00 29322890969088.00 29322905649152.00 29322916134912.00 29322930814976.00 29322945495040.00 29322955980800.00 29322964369408.00 29322976952320.00 29322985340928.00 
------------------------------------------------------------

--- Tempos de Execução ---
Tempo scalar_matrix_mult: 0.144000 ms
Tempo matrix_matrix_mult: 12.091000 ms
Tempo total de execução (Overall time): 136.184998 ms